scenario1ble
ram 23464 flash 434321 total 457785 avg 28.50 max 235.16
41.78 102.4 4.28
41.82 102.4 4.29
43.46 100.4 4.37
41.84 101.8 4.26
41.77 102.4 4.28
44.65 102.4 4.58
41.79 102.5 4.28
41.86 101.8 4.27
avg 42.37 102.0 4.33 energy 21.63
scenario2ble
ram 23496 flash 434893 total 458389 avg 28.83 max 240.58
42.98 98.25 4.22
46.31 98.27 4.55
42.99 98.27 4.23
43.38 98.38 4.27
43.01 98.47 4.24
43.39 98.39 4.27
42.95 98.47 4.23
43.33 98.44 4.27
avg 43.54 98.37 4.29 energy 21.43
scenario3ble
ram 23496 flash 434893 total 458389 avg 28.81 max 235.16
43.74 98.54 4.31
43.82 97.84 4.29
43.73 98.46 4.31
44.40 97.23 4.32
43.75 98.48 4.31
43.79 98.58 4.32
43.73 98.58 4.31
43.73 98.60 4.31
avg 43.84 98.29 4.31 energy 21.55
scenario4ble
ram 23652 flash 453381 total 477033 avg 29.01 max 227.44
45.99 104.2 4.79
45.94 104.2 4.79
45.85 104.2 4.78
43.16 103.6 4.47
43.18 103.6 4.48
43.15 103.6 4.47
43.16 103.6 4.47
43.70 102.4 4.48
avg 44.27 103.7 4.59 energy 22.96
scenario5ble
ram 23544 flash 435841 total 459385 avg 96.90 max 363.89
159.06 102.2 16.26
152.81 102.2 15.62
138.18 100.4 13.88
149.72 102.2 15.31
132.23 102.2 13.52
165.39 101.6 16.81
109.84 102.2 11.23
161.50 101.6 16.42
avg 146.09 101.8 14.88 energy 74.41
scenario6ble
ram 23544 flash 435829 total 459373 avg 102.89 max 310.55
106.39 100.5 10.70
106.22 102.4 10.88
107.96 100.4 10.84
109.40 102.4 11.21
106.30 102.4 10.89
106.96 102.4 10.96
106.86 102.4 10.95
106.63 102.4 10.93
avg 107.09 101.9 10.92 energy 54.6
scenario7ble
ram 26512 flash 890216 total 916728 avg 144.98 max 238.26
133.41 100.3 13.39
133.57 100.3 13.41
133.33 100.3 13.44
133.85 100.3 13.44
134.00 100.3 13.45
134.38 100.3 13.49
134.38 100.3 13.48
134.45 100.3 13.50
avg 132.92 100.3 13.45 energy 67.25
scenario8ble
ram 33192 flash 560832 total 594024 avg 139.21 max 300.40
175.99 117.9 20.76
179.24 210.9 37.82
179.85 244.3 43.95
179.38 232.2 41.66
178.79 190.6 34.09
177.84 162.9 28.98
178.75 185.2 33.11
177.70 153.4 27.27
avg 178.44 187.2 33.46 energy 167.28
scenario9ble
ram 81816 flash 556720 total 638536 avg 156.17 max 297.28
180.62 610.5 110.28
175.07 472.2 82.69
174.68 460.0 80.36
177.81 524.2 93.21
176.27 491.3 86.60
179.40 560.2 100.50
180.51 587.1 105.99
176.43 489.1 86.30
avg 177.60 524.3 93.24 energy 466.21
scen1-BLE
ram 26312 flash 887882 total 914194 avg 70.76 max 86.87
72.09 100.4 7.24
71.78 100.4 7.21
72.13 100.4 7.24
72.06 100.4 7.24
71.98 100.4 7.23
72.18 100.4 7.25
72.12 100.4 7.24
72.23 100.4 7.25
avg 72.07 100.4 7.24 energy 36.19
scen1-MQTT
ram 33640 flash 941198 total 974838 avg 37.87 max 423.20
52.98 7.687 407.31
53.43 7.677 410.26
53.78 8.297 446.23
53.75 8.407 451.92
54.83 8.937 490.03
53.04 7.668 406.76
54.06 8.538 461.59
53.45 7.688 410.95
avg 53.67 8.112 435.63 energy 2178.16
scen1-COAP
ram 44800 flash 935516 total 980316 avg 37.67 max 455.03
77.49 1.275 98.82
77.29 1.264 97.75
77.93 1.265 98.60
78.83 1.275 100.53
76.01 1.275 96.95
77.50 1.265 98.05
78.61 1.265 99.45
79.50 1.275 101.39
avg 77.90 1.111 98.94 energy 494.71
scen1-ZIGBEE
ram 35512 flash 484638 total 520150 avg 79.24 max 404.17
104.80 271.7 28.48
117.86 111.7 13.17
98.46 901.7 88.78
116.08 121.7 14.13
107.50 211.7 22.76
98.67 901.7 88.97
100.17 581.7 58.27
112.89 158.5 17.90
avg 107.05 407.6 41.56 energy 207.79
scen1-THREAD
ram 32600 flash 713554 total 746154 avg 55.78 max 100.49
82.56 142.3 11.75
82.44 129.3 10.67
82.70 129.3 10.70
82.66 129.3 10.69
82.68 129.3 10.69
82.58 129.3 10.68
82.58 129.3 10.68
82.63 129.3 10.69
avg 82.60 130.9 10.82 energy 54.09
scen1-EDDYSTONE
ram 16016 flash 543368 total 559384 avg 57.36 max 207.40
59.75 120.4 7.20
59.77 120.5 7.20
59.71 120.5 7.20
59.80 120.5 7.21
60.06 120.5 7.24
59.84 120.5 7.21
60.04 120.5 7.24
60.18 120.5 7.25
avg 59.89 120.5 7.22 energy 36.09
scen1-IBEACON
ram 15796 flash 543076 total 558872 avg 37.79 max 59.46
40.50 120.5 4.88
40.54 120.5 4.89
40.50 120.5 4.88
40.52 120.5 4.88
40.50 120.5 4.88
40.52 120.5 4.88
40.50 120.5 4.88
40.48 120.5 4.88
avg 40.51 120.5 4.88 energy 24.41